protein_name 0.0 0.2 0.5 0.6 0.7 0.8 0.9
cydA 1321 1313 275 46 19 19 12
cydB 1138 1039 206 19 19 17 11
fliG 793 776 126 79 62 54 24
fliM 681 596 74 67 63 51 25
fliN 769 481 87 67 51 24 20
folA 1183 1168 105 68 63 35 28
glgA 985 977 105 57 57 38 30
glgC 598 598 249 81 57 33 28
ilvB 3055 3032 67 52 34 29 19
ilvC 1391 1312 223 221 187 81 54
nrdA 1697 425 182 182 178 110 44
nrdB 1003 348 214 214 205 132 41
purC 1163 573 135 130 87 65 35
purE 1556 1556 732 201 85 49 29
purK 1120 1068 95 67 62 34 15
thyA 1113 1113 712 569 103 66 31
trpA 1347 1338 176 129 60 30 11
trpB 1509 1508 971 201 162 102 38
